CDKN2A	RB1	-0.999968367215541	0.99580116806033	0.0	0.0	0.0	0.0	0.0	1.0	0.0	0.0	0.0	0.0	0.0	1.0	0.0	0.0	0.0	0.0	0.0	0.0	0.0	0.0	0.0	1.0	0.0	0.0	0.0	0.0	0.31297709923664124	0.41030534351145037	5.484163575048773e-10	10.360823344278073	10.51917621577517	0	0	0	0	0	0	0	0	0	0	0	1
GATA3	CDKN1B	0.999996481873549	0.969003952218127	0.5	0.0	0.0	0.0	0.0	0.0	0.0	0.0	0.0	0.0	0.0	0.5	0.0	0.0	0.5	0.0	0.0	0.0	0.0	0.0	0.0	0.5	0.0	0.0	0.0	0.0	0.2824427480916031	0.2595419847328244	4.4379539606496183e-08	11.739658674908663	10.08289996823059	0	0	0	0	0	0	0	0	0	0	0	1
FOXP1	PTEN	0.999994278282159	0.918484301194776	0.0	0.0	0.0	0.0	0.0	0.0	0.0	0.0	0.0	0.0	0.0	0.0	0.0	0.0	0.0	0.5	0.0	0.0	0.0	0.0	0.0	0.5	0.0	0.0	0.0	0.0	0.27099236641221375	0.22519083969465647	1.1164501244035032e-12	6.302819151511206	11.047879926336542	0	0	0	0	0	0	0	0	0	0	0	1
FOXP1	ERBB4	0.999999513597634	0.988007247793725	0.0	0.0	0.0	0.0	0.0	0.0	0.0	0.0	0.0	0.0	0.0	0.0	0.0	0.0	0.5	0.0	0.0	0.0	0.0	0.0	0.0	0.0	0.0	0.0	0.0	0.0	0.27099236641221375	0.1450381679389313	4.604387400747479e-06	6.302819151511206	6.631120286691596	0	0	0	0	0	0	0	0	0	0	0	1
RB1	CDKN2A	-0.999948334230162	0.994091309453905	0.0	0.0	0.0	0.0	0.0	1.0	0.0	0.0	0.0	0.0	0.0	1.0	0.0	0.0	0.0	0.0	0.0	0.0	0.0	0.0	0.0	1.0	0.0	0.0	0.0	0.0	0.41030534351145037	0.31297709923664124	5.484163575048773e-10	10.51917621577517	10.360823344278073	0	0	0	0	0	0	0	0	0	0	0	1
ZFP36L1	LAMA2	0.999999107003677	0.967906084006606	0.0	0.5	0.0	0.0	0.0	0.5	0.0	0.0	0.0	0.0	0.0	0.0	0.0	0.5	0.0	0.5	0.0	0.0	0.0	0.0	0.0	0.5	0.0	0.0	0.0	0.0	0.29961832061068705	0.30916030534351147	2.4720088310100494e-07	15.829842752552894	4.901644811678819	0	0	0	0	0	0	0	0	0	0	0	1
RUNX1	FANCA	-0.999949791450408	0.939610817941953	0.0	0.0	0.0	0.0	0.0	0.0	0.0	0.0	0.0	0.0	0.0	0.0	0.0	0.0	0.0	0.0	0.0	0.0	0.0	0.0	0.0	0.5	0.0	0.0	0.0	0.0	0.20801526717557253	0.7137404580152672	0.42560759936129694	7.0113053234452964	7.079141294004401	0	0	0	0	0	0	0	0	0	0	0	1
NCOR1	BCAS3	0.999793134227649	0.777155586438045	0.0	0.0	0.0	0.0	0.0	0.0	0.0	0.0	0.0	0.0	0.0	0.0	0.0	0.0	0.0	0.0	0.0	0.0	0.0	0.0	0.0	0.0	0.0	0.0	0.0	0.0	0.5515267175572519	0.3473282442748092	-0.0	6.016318669971989	9.307941847421008	0	0	0	0	0	0	0	0	0	0	0	1
CDKN1B	GATA3	0.999991878257099	0.968332114712812	0.5	0.0	0.0	0.0	0.0	0.0	0.0	0.0	0.0	0.0	0.0	0.5	0.0	0.0	0.5	0.0	0.0	0.0	0.0	0.0	0.0	0.5	0.0	0.0	0.0	0.0	0.2595419847328244	0.2824427480916031	4.4379539606496183e-08	10.08289996823059	11.739658674908663	0	0	0	0	0	0	0	0	0	0	0	1
ASXL1	USP28	0.999983490072129	0.835706914344685	0.0	0.0	0.0	0.0	0.0	0.0	0.0	0.0	0.0	0.0	0.0	0.0	0.0	0.0	0.0	0.0	0.0	0.0	0.0	0.0	0.0	0.0	0.0	0.0	0.0	0.0	0.25190839694656486	0.4351145038167939	0.00024927944699399643	3.2514056400186004	6.504678320457364	0	0	0	0	0	0	0	0	0	0	0	1
ARID2	CTCF	0.999999999996721	0.998965836530021	0.0	0.0	0.0	0.0	0.0	0.0	0.0	0.0	0.0	0.0	0.0	0.0	0.0	0.0	0.0	0.0	0.0	0.0	0.0	0.0	0.0	0.0	0.0	0.0	0.0	0.0	0.14885496183206107	0.6851145038167938	0.40018743445801214	11.866515267749033	7.188254219162552	0	0	0	0	0	0	0	0	0	0	0	1
ARID2	RB1	0.999999996960472	0.993990495982633	0.0	0.0	0.0	0.0	0.0	0.5	0.0	0.0	0.0	0.0	0.0	0.5	0.0	0.0	0.0	0.0	0.0	0.0	0.0	0.0	0.0	0.5	0.0	0.0	0.0	0.0	0.14885496183206107	0.41030534351145037	2.7147535269275077e-05	11.866515267749033	10.51917621577517	0	0	0	0	0	0	0	0	0	0	0	1
ARID2	KDM3A	0.999999905857846	0.983847067971421	0.0	0.0	0.0	0.0	0.0	0.0	0.0	0.0	0.0	0.0	0.0	0.0	0.0	0.0	0.0	0.0	0.0	0.0	0.0	0.0	0.0	0.0	0.0	0.0	0.0	0.0	0.14885496183206107	0.0916030534351145	3.262826923204763e-09	11.866515267749033	5.1506086609088095	0	0	0	0	0	0	0	0	0	0	0	1
ASXL2	BIRC6	1.0	1.0	0.0	0.0	0.0	0.0	0.0	0.0	0.0	0.0	0.0	0.0	0.0	0.0	0.0	0.0	0.0	0.0	0.0	0.0	0.0	0.0	0.0	0.0	0.0	0.0	0.0	0.0	0.16412213740458015	0.15076335877862596	-0.0	8.783694514798643	6.060098520041698	0	0	0	0	0	0	0	0	0	0	0	1
ASXL2	PIK3CA	0.999999999999996	0.999965879623311	0.0	0.0	0.0	0.0	0.0	0.0	0.0	0.0	0.0	0.0	0.5	0.0	0.0	0.0	0.5	0.5	0.0	0.0	0.5	0.5	0.0	0.5	0.0	0.5	0.5	0.0	0.16412213740458015	0.24618320610687022	4.2551471483226286e-06	8.783694514798643	8.699497525698469	0	0	0	0	0	0	0	1	0	0	0	1
ASXL2	UBR5	1.0	0.99998869149261	0.0	0.0	0.0	0.0	0.0	0.0	0.0	0.0	0.0	0.0	0.0	0.0	0.0	0.0	0.0	0.0	0.0	0.0	0.0	0.0	0.0	0.0	0.0	0.0	0.0	0.0	0.16412213740458015	0.4599236641221374	0.0004751687496626366	8.783694514798643	5.316655549541797	0	0	0	0	0	0	0	0	0	0	0	1
ASXL2	NF1	0.999999999999999	0.999977308311965	0.0	0.0	0.0	0.0	0.0	0.0	0.0	0.0	0.0	0.0	0.0	0.0	0.0	0.0	0.0	0.0	0.5	0.0	0.0	0.0	0.0	0.0	0.0	0.0	0.0	0.0	0.16412213740458015	0.3282442748091603	3.0228952081994846e-09	8.783694514798643	6.120080467892345	0	0	0	0	0	0	0	0	0	0	0	1
ASXL2	BRAF	0.999999999977592	0.998677922518982	0.0	0.0	0.0	0.0	0.0	0.0	0.0	0.0	0.0	0.0	0.0	0.0	0.0	0.0	0.5	0.5	0.5	0.0	0.5	0.5	0.0	0.5	0.0	0.0	0.0	0.0	0.16412213740458015	0.25572519083969464	3.524398462152134e-05	8.783694514798643	3.4847837016530736	0	0	0	0	0	0	0	0	0	0	0	1
ASXL2	PBRM1	0.999999999999996	0.99997730753957	0.0	0.0	0.0	0.0	0.0	0.0	0.0	0.0	0.0	0.0	0.0	0.0	0.0	0.0	0.0	0.0	0.0	0.0	0.0	0.0	0.0	0.0	0.0	0.0	0.0	0.0	0.16412213740458015	0.2919847328244275	2.1040595687061457e-08	8.783694514798643	8.809646604163943	0	0	0	0	0	0	0	0	0	0	0	1
ASXL2	GPS2	-0.999999995591411	0.999456136202412	0.0	0.0	0.0	0.0	0.0	0.0	0.0	0.0	0.0	0.0	0.0	0.0	0.0	0.0	0.0	0.0	0.0	0.0	0.0	0.0	0.0	0.0	0.0	0.0	0.0	0.0	0.16412213740458015	0.5534351145038168	2.421500473081668e-07	8.783694514798643	6.515498342867393	0	0	0	0	0	0	0	0	0	0	0	1
CTNNA1	CDH1	0.999993775278705	0.866552545400417	0.0	0.0	0.0	0.0	0.0	0.0	0.5	0.0	1.0	0.0	0.0	0.0	0.0	0.0	0.0	0.0	0.0	0.0	0.0	0.0	0.0	1.0	0.0	0.0	0.0	0.0	0.2862595419847328	0.7061068702290076	1.2310226547987435	14.05153551548812	6.7415621381944675	0	0	0	0	0	0	0	0	0	0	0	1
ERBB3	ERBB2	0.999999614354515	0.962413747004926	1.0	0.0	0.0	0.0	0.0	0.0	0.0	0.0	0.5	0.0	0.0	0.0	0.0	0.0	1.0	0.5	0.0	0.0	0.0	0.0	0.0	0.5	0.0	0.0	0.0	0.0	0.18129770992366412	0.37404580152671757	6.8989162538198366e-09	13.397940854990422	7.315814900018318	0	0	0	1	0	0	0	0	0	0	0	1
ERBB3	ARID1A	0.999999902068399	0.96330134278369	0.5	0.0	0.0	0.0	0.0	0.0	0.0	0.0	0.0	0.0	0.0	0.0	0.0	0.0	0.5	0.0	0.0	0.0	0.0	0.0	0.0	0.0	0.0	0.0	0.0	0.0	0.18129770992366412	0.2958015267175573	1.3111092668203056e-11	13.397940854990422	7.942598593151656	0	0	0	0	0	0	0	0	0	0	0	1
ERBB4	GATA3	0.999999999926114	0.999155042429982	0.0	0.0	0.0	0.0	0.0	0.0	0.0	0.0	0.0	0.0	0.0	0.0	0.0	0.0	0.5	0.0	0.0	0.0	0.0	0.0	0.0	0.0	0.0	0.0	0.0	0.0	0.1450381679389313	0.2824427480916031	7.013118423448632e-09	6.631120286691596	11.739658674908663	0	0	0	0	0	0	0	0	0	0	0	1
GPS2	MEN1	0.999999856969106	0.983967017865323	0.0	0.0	0.0	0.0	0.0	0.0	0.0	0.0	0.0	0.0	0.0	0.0	0.0	0.0	0.0	0.0	0.0	0.0	0.0	0.0	0.0	0.0	0.0	0.0	0.0	0.0	0.5534351145038168	0.20038167938931298	0.0006464458607544469	6.515498342867393	4.051699255419628	0	0	0	0	0	0	0	0	0	0	0	1
JAK1	MEN1	-0.999989292283151	0.976190935204642	0.0	0.0	0.0	0.0	0.0	0.0	0.0	0.0	0.0	0.0	0.0	0.0	0.0	0.0	0.0	0.0	0.0	0.0	0.0	0.0	0.0	0.5	0.0	0.0	0.0	0.0	0.20610687022900764	0.20038167938931298	3.190514971928594e-06	7.642990604941268	4.051699255419628	0	0	0	0	0	0	0	0	0	0	0	1
LIFR	OR6A2	0.257268750583746	0.381022620715813	0.0	0.0	0.0	0.0	0.0	0.0	0.0	0.0	0.0	0.0	0.0	0.0	0.5	0.0	0.0	0.0	0.0	0.0	0.0	0.0	0.0	0.0	0.0	0.0	0.0	0.0	0.24618320610687022	0.23473282442748092	3.543478672398842e-05	3.8410555144990672	6.963082148010649	0	0	0	0	0	0	0	0	0	0	0	1
MAP3K1	AKAP9	0.999999994068093	0.987816265729912	0.0	0.0	0.0	0.0	0.0	0.0	0.0	0.0	0.0	0.0	0.0	0.0	0.0	0.0	0.0	0.0	0.5	0.0	0.0	0.0	0.0	0.0	0.0	0.0	0.0	0.0	0.38740458015267176	0.2385496183206107	7.996898566469998e-05	9.147951592072161	2.421426248551875	0	0	0	0	0	0	0	0	0	0	0	1
MAP3K1	FANCA	-0.999950186444008	0.964126796211626	0.0	0.0	0.0	0.0	0.0	0.0	0.0	0.0	0.0	0.0	0.0	0.0	0.0	0.0	0.0	0.0	0.5	0.0	0.0	0.0	0.0	0.0	0.0	0.0	0.0	0.0	0.38740458015267176	0.7137404580152672	0.40858054746019856	9.147951592072161	7.079141294004401	0	0	0	0	0	0	0	0	0	0	0	1
MYH9	NCOR2	0.999993686459617	0.953907220105494	0.0	0.0	0.0	0.0	0.0	0.0	0.5	0.5	0.0	0.0	0.0	0.0	0.0	0.0	0.0	0.0	0.0	0.0	0.0	0.0	0.0	0.0	0.0	0.0	0.0	0.0	0.3797709923664122	0.22519083969465647	0.1428355916041639	2.277311798162764	5.390874995763144	0	0	0	0	0	0	0	0	0	0	0	1
PIK3R1	ZFP36L1	0.999999354062381	0.947561688944734	0.0	0.0	0.0	0.0	0.0	0.5	0.0	0.0	0.0	0.0	0.5	0.0	0.0	0.0	0.5	0.5	0.0	0.0	0.5	0.5	0.0	0.5	0.0	0.5	0.5	0.0	0.3110687022900763	0.29961832061068705	1.157192959863946e-15	19.02925588946643	15.829842752552894	0	0	0	0	0	0	0	0	0	0	0	1
USP9X	PTEN	0.999995036484144	0.939505517592162	0.0	0.0	0.0	0.0	0.0	0.0	0.0	0.0	0.0	0.0	0.0	0.0	0.0	0.0	0.0	0.5	0.0	0.0	0.0	0.0	0.0	0.5	0.0	0.0	0.0	0.0	0.28435114503816794	0.22519083969465647	1.2844743029919341e-09	10.615828863143191	11.047879926336542	0	0	0	0	0	0	0	0	0	0	0	1
OR6A2	LIFR	0.257281415219864	0.381029142170807	0.0	0.0	0.0	0.0	0.0	0.0	0.0	0.0	0.0	0.0	0.0	0.0	0.5	0.0	0.0	0.0	0.0	0.0	0.0	0.0	0.0	0.0	0.0	0.0	0.0	0.0	0.23473282442748092	0.24618320610687022	3.543478672398842e-05	6.963082148010649	3.8410555144990672	0	0	0	0	0	0	0	0	0	0	0	1
